   0.0000000e+00   0.0000000e+00
   4.0932835e-01   1.0012839e+00
   9.0539166e-01   2.1274013e+00
   1.4881899e+00   3.3783522e+00
   2.1577232e+00   4.7541366e+00
   2.9139914e+00   6.2547546e+00
   3.7569945e+00   7.8802061e+00
   4.6867326e+00   9.6304911e+00
   5.7032057e+00   1.1505610e+01
   6.8064137e+00   1.3505562e+01
   6.8064137e+00   1.3505562e+01
   7.9332489e+00   1.5490245e+01
   9.0206035e+00   1.7319558e+01
   1.0068478e+01   1.8993501e+01
   1.1076871e+01   2.0512072e+01
   1.2045784e+01   2.1875274e+01
   1.2975216e+01   2.3083104e+01
   1.3865168e+01   2.4135565e+01
   1.4715639e+01   2.5032654e+01
   1.5526629e+01   2.5774373e+01
   1.5526629e+01   2.5774373e+01
   1.6400003e+01   2.6440373e+01
   1.7437624e+01   2.7110304e+01
   1.8639493e+01   2.7784166e+01
   2.0005609e+01   2.8461960e+01
   2.1535972e+01   2.9143686e+01
   2.3230583e+01   2.9829343e+01
   2.5089441e+01   3.0518932e+01
   2.7112546e+01   3.1212452e+01
   2.9299899e+01   3.1909904e+01
   2.9299899e+01   3.1909904e+01
   3.1482984e+01   3.2634019e+01
   3.3493285e+01   3.3407530e+01
   3.5330802e+01   3.4230437e+01
   3.6995536e+01   3.5102739e+01
   3.8487486e+01   3.6024437e+01
   3.9806653e+01   3.6995530e+01
   4.0953036e+01   3.8016019e+01
   4.1926635e+01   3.9085904e+01
   4.2727451e+01   4.0205184e+01
   4.2727451e+01   4.0205184e+01
   4.3487411e+01   4.1353568e+01
   4.4338442e+01   4.2510763e+01
   4.5280544e+01   4.3676768e+01
   4.6313718e+01   4.4851584e+01
   4.7437963e+01   4.6035212e+01
   4.8653280e+01   4.7227650e+01
   4.9959668e+01   4.8428899e+01
   5.1357128e+01   4.9638958e+01
   5.2845658e+01   5.0857829e+01
   5.2845658e+01   5.0857829e+01
   5.4323191e+01   5.2084590e+01
   5.5687653e+01   5.3318319e+01
   5.6939047e+01   5.4559017e+01
   5.8077372e+01   5.5806683e+01
   5.9102628e+01   5.7061318e+01
   6.0014814e+01   5.8322922e+01
   6.0813932e+01   5.9591494e+01
   6.1499980e+01   6.0867035e+01
   6.2072959e+01   6.2149545e+01
   6.2072959e+01   6.2149545e+01
   6.2628476e+01   6.3443049e+01
   6.3262137e+01   6.4751575e+01
   6.3973942e+01   6.6075121e+01
   6.4763891e+01   6.7413688e+01
   6.5631985e+01   6.8767275e+01
   6.6578222e+01   7.0135884e+01
   6.7602604e+01   7.1519513e+01
   6.8705130e+01   7.2918164e+01
   6.9885800e+01   7.4331835e+01
   6.9885800e+01   7.4331835e+01
   7.1094671e+01   7.5705701e+01
   7.2281802e+01   7.6984937e+01
   7.3447191e+01   7.8169543e+01
   7.4590839e+01   7.9259519e+01
   7.5712747e+01   8.0254864e+01
   7.6812913e+01   8.1155579e+01
   7.7891338e+01   8.1961663e+01
   7.8948023e+01   8.2673118e+01
   7.9982966e+01   8.3289942e+01
   7.9982966e+01   8.3289942e+01
   8.0976539e+01   8.3928110e+01
   8.1909113e+01   8.4703597e+01
   8.2780687e+01   8.5616402e+01
   8.3591263e+01   8.6666527e+01
   8.4340839e+01   8.7853970e+01
   8.5029415e+01   8.9178731e+01
   8.5656992e+01   9.0640812e+01
   8.6223571e+01   9.2240211e+01
   8.6729149e+01   9.3976929e+01
