   0.0000000e+00   0.0000000e+00
   4.7997104e-01   1.1612101e+00
   9.8031212e-01   2.4226174e+00
   1.5010233e+00   3.7842218e+00
   2.0421044e+00   5.2460234e+00
   2.6035557e+00   6.8080222e+00
   3.1853770e+00   8.4702182e+00
   3.7875683e+00   1.0232611e+01
   4.4101297e+00   1.2095202e+01
   5.0530611e+00   1.4057989e+01
   5.0530611e+00   1.4057989e+01
   5.7266203e+00   1.6007436e+01
   6.4410649e+00   1.7830006e+01
   7.1963949e+00   1.9525698e+01
   7.9926104e+00   2.1094513e+01
   8.8297113e+00   2.2536450e+01
   9.7076976e+00   2.3851509e+01
   1.0626569e+01   2.5039691e+01
   1.1586327e+01   2.6100995e+01
   1.2586969e+01   2.7035422e+01
   1.2586969e+01   2.7035422e+01
   1.3674540e+01   2.7891502e+01
   1.4895081e+01   2.8717767e+01
   1.6248592e+01   2.9514216e+01
   1.7735074e+01   3.0280851e+01
   1.9354526e+01   3.1017670e+01
   2.1106948e+01   3.1724674e+01
   2.2992341e+01   3.2401862e+01
   2.5010704e+01   3.3049235e+01
   2.7162038e+01   3.3666793e+01
   2.7162038e+01   3.3666793e+01
   2.9321660e+01   3.4291368e+01
   3.1364889e+01   3.4959791e+01
   3.3291724e+01   3.5672063e+01
   3.5102166e+01   3.6428184e+01
   3.6796215e+01   3.7228154e+01
   3.8373870e+01   3.8071972e+01
   3.9835132e+01   3.8959639e+01
   4.1180001e+01   3.9891154e+01
   4.2408477e+01   4.0866518e+01
   4.2408477e+01   4.0866518e+01
   4.3581146e+01   4.1852578e+01
   4.4758598e+01   4.2816181e+01
   4.5940831e+01   4.3757328e+01
   4.7127845e+01   4.4676017e+01
   4.8319642e+01   4.5572249e+01
   4.9516220e+01   4.6446024e+01
   5.0717579e+01   4.7297342e+01
   5.1923721e+01   4.8126204e+01
   5.3134644e+01   4.8932608e+01
   5.3134644e+01   4.8932608e+01
   5.4314876e+01   4.9785146e+01
   5.5428944e+01   5.0752408e+01
   5.6476850e+01   5.1834395e+01
   5.7458591e+01   5.3031106e+01
   5.8374170e+01   5.4342542e+01
   5.9223585e+01   5.5768701e+01
   6.0006836e+01   5.7309586e+01
   6.0723924e+01   5.8965194e+01
   6.1374848e+01   6.0735528e+01
   6.1374848e+01   6.0735528e+01
   6.2007391e+01   6.2522521e+01
   6.2669332e+01   6.4228110e+01
   6.3360672e+01   6.5852296e+01
   6.4081411e+01   6.7395078e+01
   6.4831549e+01   6.8856456e+01
   6.5611086e+01   7.0236431e+01
   6.6420022e+01   7.1535001e+01
   6.7258357e+01   7.2752168e+01
   6.8126090e+01   7.3887931e+01
   6.8126090e+01   7.3887931e+01
   6.9058701e+01   7.4958259e+01
   7.0091668e+01   7.5979120e+01
   7.1224991e+01   7.6950515e+01
   7.2458669e+01   7.7872442e+01
   7.3792702e+01   7.8744903e+01
   7.5227092e+01   7.9567897e+01
   7.6761837e+01   8.0341425e+01
   7.8396937e+01   8.1065485e+01
   8.0132394e+01   8.1740079e+01
   8.0132394e+01   8.1740079e+01
   8.1799389e+01   8.2462312e+01
   8.3229108e+01   8.3329287e+01
   8.4421551e+01   8.4341007e+01
   8.5376717e+01   8.5497470e+01
   8.6094606e+01   8.6798676e+01
   8.6575218e+01   8.8244626e+01
   8.6818554e+01   8.9835319e+01
   8.6824613e+01   9.1570756e+01
   8.6593395e+01   9.3450936e+01
